5.86664039691 97
5.82356218176 59
5.83891992794 30
5.85331349722 6
5.85030585815 25
5.86663098561 93
5.85570484507 43
5.83571273179 34
5.85764087438 81
5.87458683574 39
5.84287932246 87
5.86868405833 64
5.84076960973 54
5.85548257687 31
5.84365684434 70
5.84646653577 31
5.82890384457 95
5.83594995325 86
5.83673485985 39
5.82711783193 13
5.84992958344 86
5.83686534531 47
5.85294825334 30
5.83155411685 11
5.83176941463 6
5.8448217285 52
5.85741048776 34
5.83187651026 50
5.82258520712 7
5.84813525855 79
5.85638242349 22
5.86069892544 37
5.84623796772 59
5.8337613864 71
5.83808763856 59
5.84616149975 94
5.84189610952 48
5.81877237893 23
5.8540094165 21
5.85362321362 19
5.85342211276 96
5.85956538979 70
5.84270484024 69
5.85215878136 85
5.83619524617 10
5.84271463517 17
5.82615092744 75
5.84900345057 52
5.8398923056 26
5.8527041748 52
5.85515640172 83
5.84082427007 79
5.83016289121 72
5.83981731974 37
5.84499157493 61
5.87744873176 57
5.87713548971 18
5.85018811742 91
5.84071516057 50
5.85714172493 14
5.86392241142 74
5.84046212404 16
5.8363469526 25
5.83738499763 4
5.84593482763 70
5.84173195033 43
5.84091470437 1
5.84635271805 61
5.84905735179 46
5.86532095961 92
5.83406941404 85
5.85402825496 30
5.8447568388 23
5.82880797218 23
5.83876841856 58
5.8422410229 80
5.82977230635 9
5.86274383083 2
5.87996697718 93
5.85141307674 88
5.86051213201 51
5.84916335061 49
5.85655136523 61
5.84440735914 88
5.82592017887 5
5.86227750773 92
5.85712396768 4
5.85388724658 40
5.8388453765 41
5.83546400161 91
5.84740644789 41
5.83585614119 49
5.83525674267 66
5.83202462436 63
5.86051419594 39
5.84843406881 11
5.83183653754 39
5.82258168645 82
5.85348758975 42
5.86047171384 30
