5.80341391892 45
5.80288152689 58
5.79106711136 6
5.77824197236 10
5.81610212404 73
5.82898736328 10
5.81407392386 98
5.79752518672 7
5.8174638235 39
5.80742329937 98
5.8144715366 94
5.81484484107 29
5.80248637891 49
5.79980051854 19
5.8056962418 39
5.80262501736 63
5.78900171849 58
5.81132837981 14
5.82557744619 70
5.80370001373 16
5.80142774835 24
5.80673411185 0
5.79711611209 92
5.81764260855 79
5.80028823519 66
5.80570589206 65
5.82798058402 34
5.78569143016 36
5.78593605914 0
5.79724652766 9
5.81238592327 60
5.80104193423 17
5.79862929466 90
5.79005797185 47
5.80355584598 64
5.79570480147 97
5.79623787445 62
5.78563696099 27
5.80874675667 29
5.7984009428 98
5.79807696099 26
5.80138629183 90
5.80534622802 11
5.81466923353 3
5.82595532974 92
5.8064992186 21
5.80110282007 53
5.80159309161 19
5.8108971284 87
5.7900240125 6
5.81792704895 5
5.83062964553 84
5.7943489084 98
5.81510219426 18
5.80082171997 66
5.81037990545 9
5.81633441109 97
5.80400955683 59
5.81156580087 87
5.81892908316 49
5.83710205198 31
5.80658678267 7
5.80255880221 5
5.80560330936 47
5.78492541091 0
5.79519957298 12
5.80657869546 68
5.79262469228 15
5.80670353935 31
5.80867294956 22
5.79985858513 43
5.79123195838 83
5.79190391658 25
5.79976656747 14
5.78875741956 59
5.8047771257 61
5.80653640596 66
5.82285429292 49
5.80743964958 15
5.8206891279 90
5.82321142126 14
5.81514987704 58
5.802494819 29
5.81198542602 33
5.81668012499 27
5.809684454 66
5.79456681954 37
5.82903346006 85
5.7923133697 14
5.81111918961 87
5.8191314138 81
5.82153952358 29
5.81956205518 32
5.80438617059 19
5.80419937916 28
5.794244921 86
5.80755967709 7
5.80803475063 10
5.79288472766 18
5.80803192331 25
