5.84454739493 66
5.84676050374 73
5.85048678414 72
5.84061232651 27
5.84883138974 77
5.84920856942 92
5.85994090206 55
5.8773478773 80
5.85898190577 7
5.83486488082 80
5.83140796347 63
5.85143583192 46
5.84651160762 10
5.83419279771 38
5.84198502128 7
5.85518190431 70
5.85939053827 59
5.88119949025 35
5.82805716157 85
5.85017539374 72
5.83559533641 88
5.84653290233 36
5.83864851446 39
5.83005895813 87
5.85181309051 42
5.84889429759 85
5.87227428167 20
5.85212070848 30
5.8497576729 70
5.82798825217 83
5.83353182073 95
5.83147466061 28
5.84808666146 84
5.84495076468 0
5.83210004408 21
5.84514808433 85
5.8562990983 51
5.85006639118 16
5.84037361401 70
5.83030726901 38
5.83343906409 24
5.84882567972 47
5.83057331338 85
5.8372964618 67
5.86384017872 25
5.84086001833 65
5.83722731701 75
5.8464312449 13
5.84095404445 66
5.84389643846 41
5.84590577057 28
5.83450648075 57
5.83507469309 76
5.86154208533 53
5.83809389076 16
5.83604835407 98
5.85096931974 48
5.85575848089 14
5.83340873882 39
5.86554988801 54
5.84730878167 52
5.84689345084 51
5.85348310396 89
5.86690251439 11
5.82909190916 59
5.84812146813 0
5.82381442059 32
5.83292156324 16
5.83798307691 29
5.83364269265 53
5.83650782464 54
5.83333856578 62
5.83264952419 96
5.8358326437 57
5.84587209403 40
5.84805573891 85
5.85100714955 19
5.82994956757 90
5.82916940781 11
5.88065621368 4
5.85268405858 42
5.84631924241 13
5.86753463963 69
5.85317296542 9
5.83651861222 69
5.83436249066 7
5.84131908856 79
5.84074427042 76
5.83836446067 37
5.84941204104 79
5.84634995685 91
5.87670909314 45
5.85261529283 32
5.84747216383 63
5.84927786624 63
5.8582344906 17
5.85891145656 65
5.83817771676 18
5.82451476479 79
5.83177348305 78
