13.1597378165 47
13.0535501555 14
13.0714417941 2
13.2261899174 78
13.0816054036 73
13.0911897577 99
13.1762935532 12
13.1105184586 53
13.1932515135 82
13.1678848553 64
13.0825149148 60
13.0691239543 15
13.1919181872 10
13.2307067859 82
13.1337752443 37
13.2124222281 3
13.0910252645 91
13.1899078911 77
13.2616915516 0
13.1612528175 62
13.1716985642 76
13.1406797402 51
13.1158542641 81
13.1419487059 94
13.0713822025 36
13.1254588528 28
13.0815225236 38
13.2398918342 30
13.2072785025 30
13.0763237008 30
13.0980553047 84
13.0706977571 96
13.1721723197 91
13.1908197334 88
13.0869443002 32
13.1209575354 36
13.1122743666 75
13.1041421085 24
13.1546948883 24
13.0576016369 7
13.167913628 59
13.0599227537 41
13.1753295476 44
13.0740100709 32
13.154223319 36
13.123154486 53
13.0986148447 13
13.1160533964 75
13.0736733893 89
13.1903500219 76
13.118515785 50
13.1466462688 88
13.2180517733 25
13.1745513455 29
13.1689275065 79
13.2623738498 7
13.2016232796 89
13.120630522 8
13.1728659437 87
13.3573178953 94
13.1244710665 47
13.1502642042 90
13.1652305978 23
13.0935907601 91
13.229438664 42
13.1205544031 25
13.0632917365 25
13.0999198036 77
13.114284665 23
13.1575620962 52
13.0893157089 39
13.1704735686 60
13.2191772796 92
13.0762580781 14
13.0987614495 86
13.2038074082 80
13.1276026742 26
13.1278298955 78
13.0595730659 28
13.1350360261 4
13.1194201614 67
13.0751053225 64
13.0876628902 35
13.231913363 22
13.170797172 56
13.1157493364 21
13.1537589643 10
13.0784689652 35
13.1250901736 57
13.1603535408 30
13.1614265411 96
13.1771937205 77
13.1172008361 81
13.1772262055 10
13.1434113534 8
13.0833718388 54
13.3418459769 37
13.1098753431 89
13.0594870385 24
13.1710048862 66
